antonio+nariño [-74.084836, 4.598533, -74.13165110000001, 4.575912]
barrios+unidos [-74.0571459, 4.689826, -74.093626, 4.6496909]
Bosa [-74.151594, 4.655578, -74.223637, 4.595705]
Chapinero [-73.99197699999999, 4.686946100000001, -74.06841899999999, 4.61045]
ciudad+bolivar [-74.119963, 4.599952, -74.187928, 4.4690151]
Engativa [-74.076881, 4.740226, -74.1604409, 4.654082]
Fontibon [-74.10312499999999, 4.7175369, -74.17624099999999, 4.637513999999999]
Kennedy [-74.118217, 4.6647869, -74.1855389, 4.595104]
la+candelaria [-74.05983909999999, 4.603489, -74.082229, 4.589309]
los+martires [-74.072839, 4.6248939, -74.10708799999999, 4.591946]
puente+aranda [-74.0828719, 4.645219, -74.138036, 4.593724]
rafael+uribe [-74.09447399999999, 4.5926919, -74.130819, 4.5394309]
san+cristobal [-74.0268309, 4.5894131, -74.106225, 4.508548]
santa+fe [-73.992493, 4.628019999999999, -74.0888231, 4.557937]
Suba [-74.034426, 4.8371311, -74.131559, 4.6857419]
Teusaquillo [-74.064605, 4.666132999999999, -74.110379, 4.615468]
Tunjuelito [-74.119795, 4.5959911, -74.15693499999999, 4.531416]
Usaquen [-74.0004491, 4.825362999999999, -74.0571459, 4.664612]
Usme [-74.0560129, 4.546443, -74.13452199999999, 4.459464]
